Key,ID,Project,IssueType,IsSubtask,Status,Resolution,Created Date,Resolved Date
WFK2-880,12600745,WFK2,Bug,false,New,,2016-01-22 04:36:01,
WFK2-874,12562376,WFK2,Bug,false,Closed,Done,2015-02-04 02:58:16,2015-02-04 05:58:36
WFK2-873,12562331,WFK2,Bug,false,Closed,Done,2015-02-03 10:06:02,2015-02-23 09:39:24
WFK2-872,12562294,WFK2,Bug,false,Closed,Won't Fix,2015-02-03 07:38:04,2015-02-23 08:58:31
WFK2-871,12562208,WFK2,Bug,false,Closed,Won't Fix,2015-02-02 10:19:48,2015-02-16 09:16:57
WFK2-870,12562157,WFK2,Task,false,Closed,Done,2015-02-02 03:24:32,2015-02-13 11:23:46
WFK2-869,12561883,WFK2,Bug,false,Closed,Done,2015-01-28 08:59:26,2015-01-29 03:32:21
WFK2-867,12561686,WFK2,Bug,false,Closed,Rejected,2015-01-26 09:03:58,2015-02-05 07:09:22
WFK2-866,12561517,WFK2,Bug,false,Closed,Done,2015-01-22 16:33:51,2015-01-29 05:03:03
WFK2-865,12561399,WFK2,Bug,false,Closed,Done,2015-01-21 23:16:01,2015-01-29 05:03:30
WFK2-864,12561398,WFK2,Bug,false,Closed,Won't Fix,2015-01-21 22:28:31,2015-02-20 18:04:39
WFK2-863,12561383,WFK2,Bug,false,Closed,Done,2015-01-21 15:06:44,2015-01-27 04:29:45
WFK2-861,12561221,WFK2,Task,false,Closed,Done,2015-01-19 17:33:06,2015-02-02 18:48:26
WFK2-860,12561205,WFK2,Bug,false,Closed,Done,2015-01-19 12:40:27,2015-01-20 07:41:23
WFK2-857,12561003,WFK2,Bug,false,Closed,Done,2015-01-15 11:22:54,2015-01-21 18:00:34
WFK2-856,12561000,WFK2,Bug,false,Closed,Done,2015-01-15 11:20:19,2015-01-16 06:00:05
WFK2-855,12560991,WFK2,Bug,false,Closed,Done,2015-01-15 10:31:20,2015-01-16 06:06:58
WFK2-854,12560968,WFK2,Bug,false,Closed,Done,2015-01-15 06:12:20,2015-01-15 08:30:44
WFK2-853,12560894,WFK2,Bug,false,Closed,Won't Fix,2015-01-14 09:03:52,2015-02-16 09:17:25
WFK2-852,12560890,WFK2,Component Upgrade,false,Closed,Done,2015-01-14 08:38:03,2015-01-15 04:46:31
WFK2-851,12560757,WFK2,Bug,false,Closed,Done,2015-01-12 08:54:10,2015-01-13 08:15:02
WFK2-850,12560487,WFK2,Bug,false,Closed,Done,2015-01-08 05:10:37,2015-01-12 07:33:31
WFK2-849,12560297,WFK2,Task,false,Closed,Rejected,2015-01-06 06:04:52,2015-02-19 04:46:19
WFK2-848,12560289,WFK2,Task,false,Closed,Done,2015-01-06 04:28:18,2015-01-06 08:25:02
WFK2-847,12560286,WFK2,Bug,false,Closed,Done,2015-01-06 03:52:00,2015-01-06 08:28:37
WFK2-846,12560250,WFK2,Bug,false,Closed,Done,2015-01-05 12:04:30,2015-01-26 11:59:45
WFK2-845,12560246,WFK2,Bug,false,Closed,Done,2015-01-05 11:40:12,2015-01-07 05:00:51
WFK2-844,12560171,WFK2,Bug,false,Closed,Rejected,2015-01-02 07:08:17,2015-01-07 08:43:21
WFK2-843,12560169,WFK2,Bug,false,Closed,Done,2015-01-02 07:03:08,2015-01-07 09:08:40
WFK2-842,12560166,WFK2,Bug,false,Closed,Done,2015-01-02 06:59:21,2015-02-05 07:28:23
WFK2-841,12559969,WFK2,Bug,false,Closed,Done,2014-12-22 05:32:11,2015-01-07 04:14:38
WFK2-840,12559966,WFK2,Bug,false,Closed,Done,2014-12-22 04:59:53,2015-01-07 03:57:31
WFK2-839,12559819,WFK2,Bug,false,Closed,Done,2014-12-18 03:45:53,2015-01-14 15:17:30
WFK2-838,12559784,WFK2,Bug,false,Closed,Done,2014-12-17 11:49:09,2015-01-06 10:48:42
WFK2-837,12559658,WFK2,Bug,false,Closed,Done,2014-12-16 06:24:15,2015-01-14 15:17:01
WFK2-836,12559654,WFK2,Bug,false,Closed,Done,2014-12-16 06:19:59,2015-01-14 15:16:28
WFK2-835,12559653,WFK2,Bug,false,Closed,Done,2014-12-16 06:17:36,2015-01-14 15:15:43
WFK2-834,12559643,WFK2,Bug,false,Closed,Done,2014-12-16 04:20:20,2015-01-15 04:18:02
WFK2-833,12559639,WFK2,Bug,false,Closed,Done,2014-12-16 04:14:33,2015-01-16 04:25:23
WFK2-832,12559634,WFK2,Bug,false,Closed,Won't Fix,2014-12-16 03:57:01,2015-02-16 09:17:50
WFK2-831,12559633,WFK2,Bug,false,Closed,Done,2014-12-16 03:49:33,2015-01-05 05:49:00
WFK2-830,12559553,WFK2,Bug,false,Closed,Done,2014-12-15 06:14:24,2015-02-05 07:28:33
WFK2-829,12559550,WFK2,Bug,false,Closed,Done,2014-12-15 05:45:44,2015-01-14 09:32:14
WFK2-828,12559549,WFK2,Bug,false,Closed,Done,2014-12-15 05:43:45,2015-01-14 09:31:12
WFK2-827,12559368,WFK2,Bug,false,Closed,Duplicate Issue,2014-12-12 03:06:02,2014-12-12 06:24:53
WFK2-826,12559367,WFK2,Bug,false,Closed,Done,2014-12-12 03:03:52,2014-12-17 11:25:36
WFK2-825,12559348,WFK2,Bug,false,Closed,Done,2014-12-11 12:53:12,2015-01-06 10:33:40
WFK2-824,12559347,WFK2,Bug,false,Closed,Done,2014-12-11 12:50:02,2015-01-06 10:34:10
WFK2-823,12559319,WFK2,Bug,false,Closed,Won't Fix,2014-12-11 08:52:22,2015-02-16 10:12:33
WFK2-822,12559137,WFK2,Bug,false,Closed,Done,2014-12-10 06:23:48,2014-12-15 07:25:41
WFK2-821,12559121,WFK2,Bug,false,Closed,Done,2014-12-10 04:11:41,2015-01-14 09:34:20
WFK2-820,12559039,WFK2,Bug,false,Closed,Done,2014-12-09 09:36:42,2014-12-09 10:16:50
WFK2-819,12559026,WFK2,Bug,false,Closed,Done,2014-12-09 08:24:23,2015-01-14 09:33:07
WFK2-818,12558979,WFK2,Bug,false,Closed,Done,2014-12-09 05:04:08,2015-01-14 09:41:48
WFK2-817,12558911,WFK2,Bug,false,Closed,Done,2014-12-08 08:08:19,2014-12-10 10:11:57
WFK2-816,12558909,WFK2,Bug,false,Closed,Done,2014-12-08 07:45:32,2014-12-08 10:45:04
WFK2-815,12558906,WFK2,Bug,false,Closed,Done,2014-12-08 07:25:45,2014-12-09 09:16:58
WFK2-814,12558905,WFK2,Bug,false,Closed,Done,2014-12-08 07:16:58,2014-12-09 09:22:07
WFK2-813,12558886,WFK2,Bug,false,Closed,Done,2014-12-08 04:01:12,2015-01-14 09:37:17
WFK2-812,12558876,WFK2,Bug,false,Closed,Done,2014-12-08 03:01:13,2015-01-14 09:36:00
WFK2-811,12558816,WFK2,Bug,false,Closed,Done,2014-12-05 09:59:44,2014-12-08 09:48:24
WFK2-810,12558814,WFK2,Bug,false,Closed,Done,2014-12-05 09:56:56,2014-12-08 02:46:29
WFK2-809,12558662,WFK2,Bug,false,Closed,Done,2014-12-03 10:44:31,2015-01-06 08:14:11
WFK2-808,12558646,WFK2,Bug,false,Closed,Done,2014-12-03 09:18:10,2015-01-06 09:56:54
WFK2-807,12558622,WFK2,Bug,false,Closed,Done,2014-12-03 04:44:15,2015-01-06 08:24:13
WFK2-806,12558578,WFK2,Bug,false,Closed,Done,2014-12-02 10:09:16,2014-12-09 09:44:18
WFK2-805,12558567,WFK2,Bug,false,Closed,Rejected,2014-12-02 09:05:14,2015-01-07 20:14:08
WFK2-804,12558565,WFK2,Bug,false,Closed,Done,2014-12-02 08:31:35,2015-01-06 08:09:52
WFK2-803,12558544,WFK2,Bug,false,Closed,Done,2014-12-02 05:08:43,2015-02-05 07:28:47
WFK2-801,12558467,WFK2,Bug,false,Closed,Done,2014-12-01 08:43:43,2015-01-15 05:08:10
WFK2-800,12558374,WFK2,Bug,false,Closed,Rejected,2014-11-28 08:28:46,2015-01-19 02:58:12
WFK2-799,12558335,WFK2,Bug,false,Closed,Done,2014-11-27 11:39:30,2014-11-28 04:21:26
WFK2-798,12558301,WFK2,Bug,false,Closed,Done,2014-11-27 06:34:19,2014-11-27 06:50:28
WFK2-797,12557839,WFK2,Bug,false,Closed,Done,2014-11-20 10:40:49,2014-11-20 10:42:47
WFK2-795,12557347,WFK2,Bug,false,Closed,Won't Fix,2014-11-13 10:47:37,2015-02-16 09:18:13
WFK2-794,12557218,WFK2,Bug,false,Closed,Done,2014-11-12 06:29:50,2014-11-19 10:29:31
WFK2-793,12557144,WFK2,Bug,false,Closed,Done,2014-11-11 10:57:17,2014-11-25 01:21:46
WFK2-792,12557132,WFK2,Bug,false,Closed,Done,2014-11-11 08:59:23,2014-11-25 02:02:09
WFK2-791,12557131,WFK2,Bug,false,Closed,Done,2014-11-11 08:46:00,2014-11-25 02:01:32
WFK2-790,12557130,WFK2,Bug,false,Closed,Done,2014-11-11 08:05:36,2014-11-24 08:02:03
WFK2-789,12557129,WFK2,Bug,false,Closed,Done,2014-11-11 07:42:30,2014-11-12 07:55:07
WFK2-788,12557108,WFK2,Bug,false,Closed,Done,2014-11-11 04:11:06,2015-01-12 08:05:30
WFK2-787,12557064,WFK2,Bug,false,Closed,Done,2014-11-10 11:02:36,2014-11-12 09:03:44
WFK2-786,12557043,WFK2,Bug,false,Closed,Done,2014-11-10 09:08:20,2014-11-24 08:17:11
WFK2-785,12557041,WFK2,Bug,false,Closed,Done,2014-11-10 09:00:44,2014-11-24 04:07:07
WFK2-784,12557021,WFK2,Bug,false,Closed,Done,2014-11-10 07:14:42,2014-11-12 08:21:00
WFK2-783,12556997,WFK2,Bug,false,Closed,Done,2014-11-10 03:47:53,2014-11-12 08:58:44
WFK2-782,12556950,WFK2,Bug,false,Closed,Done,2014-11-07 10:01:15,2014-11-08 15:04:03
WFK2-781,12556944,WFK2,Bug,false,Closed,Done,2014-11-07 09:15:08,2014-11-24 02:52:15
WFK2-779,12556929,WFK2,Bug,false,Closed,Done,2014-11-07 07:47:22,2014-11-24 08:03:31
WFK2-778,12556924,WFK2,Bug,false,Closed,Done,2014-11-07 07:21:42,2014-11-10 07:48:31
WFK2-777,12556831,WFK2,Bug,false,Closed,Done,2014-11-06 09:11:22,2014-11-24 02:51:45
WFK2-776,12556793,WFK2,Bug,false,Closed,Done,2014-11-06 04:21:59,2014-11-06 08:59:40
WFK2-775,12556718,WFK2,Bug,false,Closed,Cannot Reproduce,2014-11-05 09:46:00,2014-11-24 04:12:24
WFK2-774,12556702,WFK2,Bug,false,Closed,Done,2014-11-05 07:07:16,2014-11-24 02:27:28
WFK2-773,12556700,WFK2,Bug,false,Closed,Done,2014-11-05 06:46:50,2014-11-11 08:09:12
WFK2-772,12556686,WFK2,Bug,false,Closed,Done,2014-11-05 04:09:42,2014-11-05 04:47:07
WFK2-769,12556620,WFK2,Bug,false,Closed,Done,2014-11-04 06:37:34,2014-12-05 05:18:13
WFK2-768,12556582,WFK2,Bug,false,Closed,Done,2014-11-03 13:18:06,2014-11-05 10:00:07
WFK2-767,12556511,WFK2,Bug,false,Closed,Won't Fix,2014-11-03 02:59:26,2014-11-04 07:45:38
WFK2-766,12556509,WFK2,Bug,false,Closed,Done,2014-11-03 02:51:08,2014-11-20 10:23:16
WFK2-765,12556412,WFK2,Bug,false,Closed,Done,2014-10-31 05:44:11,2014-11-21 09:06:58
WFK2-764,12556407,WFK2,Bug,false,Closed,Done,2014-10-31 04:42:02,2014-11-04 06:28:55
WFK2-763,12556403,WFK2,Bug,false,Closed,Done,2014-10-31 04:09:57,2014-11-04 07:02:30
WFK2-762,12556401,WFK2,Bug,false,Closed,Done,2014-10-31 04:05:31,2014-11-04 06:44:11
WFK2-760,12556335,WFK2,Bug,false,Closed,Done,2014-10-30 08:45:11,2014-11-05 01:51:02
WFK2-759,12556330,WFK2,Bug,false,Closed,Won't Fix,2014-10-30 07:38:43,2015-02-23 08:59:13
WFK2-758,12556266,WFK2,Bug,false,Closed,Done,2014-10-29 10:42:30,2014-11-06 09:03:44
WFK2-757,12556214,WFK2,Bug,false,Closed,Done,2014-10-28 16:27:20,2014-11-06 02:54:02
WFK2-756,12555994,WFK2,Bug,false,Closed,Done,2014-10-24 08:49:20,2014-10-29 08:46:36
WFK2-755,12555895,WFK2,Support Patch,false,Pending Upload to Patch Repository,,2014-10-23 10:24:03,
WFK2-754,12555885,WFK2,Bug,false,Closed,Duplicate Issue,2014-10-23 09:42:21,2014-10-23 10:27:11
WFK2-753,12555764,WFK2,Bug,false,Closed,Done,2014-10-22 06:32:02,2014-11-05 05:00:19
WFK2-749,12554937,WFK2,Bug,false,Closed,Done,2014-10-13 03:03:54,2014-11-24 07:43:44
WFK2-748,12554707,WFK2,Support Patch,false,Resolved,Done,2014-10-09 10:51:40,2014-10-27 06:47:26
WFK2-747,12554022,WFK2,Bug,false,Closed,Done,2014-10-02 10:14:28,2014-10-03 07:37:26
WFK2-746,12551023,WFK2,Bug,false,Closed,Rejected,2014-09-03 13:18:34,2014-09-05 11:19:47
WFK2-744,12550446,WFK2,Bug,false,Closed,Done,2014-08-28 07:00:05,2015-02-20 18:03:13
WFK2-743,12550064,WFK2,Component Upgrade,false,Closed,Done,2014-08-22 11:24:44,2014-11-05 04:58:40
WFK2-739,12549678,WFK2,Component Upgrade,false,Closed,Done,2014-08-19 14:11:50,2014-09-01 04:11:34
WFK2-736,12549341,WFK2,Bug,false,Closed,Migrated to another ITS,2014-08-14 06:08:35,2014-08-15 02:46:04
WFK2-734,12548419,WFK2,Component Upgrade,false,Closed,Done,2014-08-04 06:04:40,2014-08-06 07:33:48
WFK2-730,12546815,WFK2,Bug,false,Closed,Done,2014-07-18 04:23:02,2014-10-24 05:29:28
WFK2-727,12546218,WFK2,Bug,false,Closed,Won't Fix,2014-07-11 14:09:33,2015-02-23 03:17:52
WFK2-726,12546209,WFK2,Bug,false,Closed,Won't Fix,2014-07-11 12:14:19,2015-02-16 09:20:28
WFK2-725,12546197,WFK2,Bug,false,Closed,Won't Fix,2014-07-11 10:21:20,2015-02-16 09:18:53
WFK2-724,12546097,WFK2,Bug,false,Closed,Done,2014-07-10 12:25:19,2014-07-28 06:22:02
WFK2-723,12546096,WFK2,Bug,false,Closed,Done,2014-07-10 12:15:11,2014-07-28 08:20:16
WFK2-722,12546091,WFK2,Bug,false,Closed,Done,2014-07-10 11:42:52,2014-07-28 08:48:34
WFK2-721,12546032,WFK2,Bug,false,Closed,Done,2014-07-10 07:31:54,2014-07-28 06:19:42
WFK2-720,12545961,WFK2,Bug,false,Closed,Done,2014-07-09 10:02:01,2014-09-09 05:24:26
WFK2-719,12545915,WFK2,Bug,false,Closed,Done,2014-07-09 03:52:07,2014-07-09 06:19:28
WFK2-716,12545523,WFK2,Bug,false,Closed,Done,2014-07-03 06:54:20,2014-07-04 07:45:33
WFK2-715,12545479,WFK2,Bug,false,Closed,Done,2014-07-03 04:45:18,2014-07-28 06:20:29
WFK2-714,12545464,WFK2,Bug,false,Closed,Won't Fix,2014-07-03 03:27:06,2014-11-24 07:48:41
WFK2-713,12545462,WFK2,Bug,false,Closed,Done,2014-07-03 03:18:47,2014-07-28 07:06:54
WFK2-712,12545371,WFK2,Bug,false,Closed,Done,2014-07-02 11:16:35,2014-10-24 05:26:43
WFK2-711,12545202,WFK2,Bug,false,Closed,Done,2014-07-01 04:57:24,2015-02-03 03:13:53
WFK2-710,12545121,WFK2,Bug,false,Closed,Rejected,2014-06-30 09:11:01,2014-09-04 08:55:29
WFK2-708,12545012,WFK2,Bug,false,Closed,Done,2014-06-27 08:51:36,2014-08-21 07:56:15
WFK2-707,12544978,WFK2,Bug,false,Closed,Done,2014-06-27 01:22:57,2014-07-28 08:13:54
WFK2-705,12544914,WFK2,Bug,false,Closed,Done,2014-06-26 09:52:41,2014-10-23 09:44:00
WFK2-704,12544892,WFK2,Bug,false,Closed,Won't Fix,2014-06-26 07:34:38,2014-06-27 02:26:40
WFK2-702,12544885,WFK2,Bug,false,Closed,Done,2014-06-26 06:33:24,2015-01-07 04:46:27
WFK2-701,12544765,WFK2,Bug,false,Closed,Done,2014-06-25 07:00:12,2014-07-03 07:57:09
WFK2-699,12544692,WFK2,Bug,false,Closed,Done,2014-06-24 09:36:50,2014-07-02 07:01:09
WFK2-697,12544669,WFK2,Bug,false,Closed,Done,2014-06-24 06:21:49,2014-06-30 04:49:00
WFK2-696,12544660,WFK2,Bug,false,Closed,Done,2014-06-24 04:07:45,2014-06-30 07:41:52
WFK2-694,12544594,WFK2,Bug,false,Closed,Won't Fix,2014-06-23 08:04:46,2014-06-27 02:45:53
WFK2-693,12544227,WFK2,Bug,false,Closed,Done,2014-06-18 07:19:09,2014-07-01 06:45:33
WFK2-691,12544223,WFK2,Bug,false,Closed,Done,2014-06-18 06:55:06,2014-06-20 07:00:15
WFK2-690,12543993,WFK2,Bug,false,Closed,Done,2014-06-16 10:41:06,2014-06-20 06:54:36
WFK2-689,12543970,WFK2,Bug,false,Closed,Won't Fix,2014-06-16 09:24:24,2015-02-16 10:13:12
WFK2-688,12543938,WFK2,Bug,false,Closed,Done,2014-06-16 05:19:19,2014-06-19 02:43:29
WFK2-687,12543804,WFK2,Bug,false,Closed,Won't Fix,2014-06-13 16:01:17,2014-11-11 12:32:48
WFK2-686,12543784,WFK2,Bug,false,Closed,Won't Fix,2014-06-13 11:46:53,2014-11-07 08:51:24
WFK2-684,12543756,WFK2,Bug,false,Closed,Won't Fix,2014-06-13 10:28:37,2014-11-07 05:09:38
WFK2-683,12543746,WFK2,Bug,false,Closed,Done,2014-06-13 09:45:13,2014-06-16 08:11:48
WFK2-682,12543742,WFK2,Bug,false,Closed,Won't Fix,2014-06-13 09:16:46,2014-11-07 05:10:50
WFK2-681,12542300,WFK2,Bug,false,Closed,Done,2014-05-29 09:35:04,2014-06-19 06:49:50
WFK2-680,12543737,WFK2,Bug,false,Closed,Out of Date,2014-06-13 07:37:00,2014-07-22 07:48:01
WFK2-679,12543545,WFK2,Bug,false,Closed,Won't Fix,2014-06-11 09:27:28,2015-02-19 04:47:29
WFK2-677,12543329,WFK2,Bug,false,Closed,Done,2014-06-10 07:55:14,2014-11-10 10:16:10
WFK2-675,12543249,WFK2,Bug,false,Closed,Won't Fix,2014-06-09 08:55:57,2015-02-16 10:13:43
WFK2-674,12543075,WFK2,Bug,false,Closed,Won't Fix,2014-06-06 10:55:04,2014-08-25 08:30:57
WFK2-673,12543056,WFK2,Bug,false,Closed,Done,2014-06-06 09:21:55,2014-11-07 08:28:40
WFK2-672,12543054,WFK2,Bug,false,Closed,Won't Fix,2014-06-06 08:57:42,2015-02-16 10:14:37
WFK2-671,12543052,WFK2,Bug,false,Closed,Won't Fix,2014-06-06 08:52:12,2015-02-16 10:14:14
WFK2-670,12543048,WFK2,Bug,false,Closed,Done,2014-06-06 08:35:50,2014-06-17 18:25:44
WFK2-669,12543036,WFK2,Bug,false,Closed,Done,2014-06-06 07:34:18,2014-06-17 18:24:02
WFK2-668,12543015,WFK2,Bug,false,Closed,Done,2014-06-06 04:32:10,2014-06-24 02:53:44
WFK2-666,12542661,WFK2,Bug,false,Closed,Rejected,2014-06-03 10:28:09,2015-01-19 07:57:35
WFK2-665,12542631,WFK2,Bug,false,Closed,Done,2014-06-03 08:26:41,2014-07-01 19:24:03
WFK2-664,12542621,WFK2,Bug,false,Closed,Done,2014-06-03 06:05:15,2014-08-08 10:19:28
WFK2-663,12542531,WFK2,Bug,false,Closed,Done,2014-06-02 09:47:11,2014-07-11 11:49:30
WFK2-662,12542530,WFK2,Bug,false,Closed,Done,2014-06-02 09:31:04,2014-06-03 09:34:49
WFK2-661,12542514,WFK2,Bug,false,Closed,Done,2014-06-02 07:53:09,2014-06-04 10:22:04
WFK2-660,12542513,WFK2,Bug,false,Closed,Done,2014-06-02 07:39:37,2014-06-03 09:37:43
WFK2-659,12542508,WFK2,Bug,false,Closed,Done,2014-06-02 06:52:04,2014-06-03 09:08:58
WFK2-658,12542404,WFK2,Bug,false,Closed,Done,2014-05-30 09:21:52,2014-07-28 08:12:52
WFK2-657,12542288,WFK2,Bug,false,Closed,Done,2014-05-29 06:47:29,2014-06-11 04:03:44
WFK2-655,12542306,WFK2,Bug,false,Closed,Done,2014-05-29 09:46:15,2014-05-29 17:18:49
WFK2-654,12542305,WFK2,Bug,false,Closed,Duplicate Issue,2014-05-29 09:44:19,2014-05-29 17:21:47
WFK2-652,12542280,WFK2,Bug,false,Closed,Done,2014-05-29 05:51:12,2014-05-29 08:20:44
WFK2-651,12542202,WFK2,Bug,false,Closed,Done,2014-05-28 11:24:38,2014-05-29 08:02:58
WFK2-650,12542188,WFK2,Component Upgrade,false,Closed,Done,2014-05-28 10:41:11,2014-06-04 17:16:49
WFK2-648,12542039,WFK2,Bug,false,Closed,Done,2014-05-27 10:54:47,2014-06-30 10:37:05
WFK2-646,12541992,WFK2,Bug,false,Closed,Won't Fix,2014-05-27 07:50:43,2015-02-16 09:20:51
WFK2-645,12541903,WFK2,Bug,false,Closed,Done,2014-05-26 11:40:39,2014-06-04 09:24:32
WFK2-644,12541899,WFK2,Bug,false,Closed,Done,2014-05-26 11:28:39,2014-06-04 10:42:36
WFK2-643,12541886,WFK2,Bug,false,Closed,Done,2014-05-26 09:31:33,2014-07-28 06:23:05
WFK2-642,12541876,WFK2,Bug,false,Closed,Won't Fix,2014-05-26 07:33:15,2015-02-20 07:01:08
WFK2-641,12541875,WFK2,Bug,false,Closed,Done,2014-05-26 07:31:23,2014-06-04 09:27:31
WFK2-640,12541869,WFK2,Bug,false,Closed,Done,2014-05-26 06:29:04,2014-05-28 06:12:42
WFK2-639,12541868,WFK2,Bug,false,Closed,Done,2014-05-26 06:26:47,2014-06-04 10:42:55
WFK2-638,12541866,WFK2,Bug,false,Closed,Done,2014-05-26 06:22:30,2014-06-06 08:43:49
WFK2-637,12541856,WFK2,Bug,false,Closed,Done,2014-05-26 04:56:45,2014-06-05 09:20:01
WFK2-635,12541825,WFK2,Bug,false,Closed,Done,2014-05-25 21:59:22,2014-11-25 07:26:52
WFK2-634,12541759,WFK2,Bug,false,Closed,Done,2014-05-23 12:27:29,2014-06-06 08:44:03
WFK2-633,12541736,WFK2,Bug,false,Closed,Done,2014-05-23 11:01:59,2014-06-04 10:43:25
WFK2-631,12541676,WFK2,Bug,false,Closed,Done,2014-05-23 04:36:00,2014-05-26 04:15:09
WFK2-630,12541672,WFK2,Bug,false,Closed,Done,2014-05-23 03:47:23,2014-06-05 15:15:14
WFK2-629,12541564,WFK2,Bug,false,Closed,Done,2014-05-22 13:05:19,2014-05-28 08:15:24
WFK2-628,12541553,WFK2,Bug,false,Closed,Done,2014-05-22 12:15:18,2014-06-04 09:28:19
WFK2-627,12541532,WFK2,Bug,false,Closed,Done,2014-05-22 12:11:17,2014-06-20 07:05:28
WFK2-626,12541521,WFK2,Bug,false,Closed,Done,2014-05-22 10:34:54,2014-05-26 08:19:48
WFK2-625,12541391,WFK2,Component Upgrade,false,Closed,Done,2014-05-21 10:26:40,2014-05-21 10:27:09
WFK2-624,12541385,WFK2,Bug,false,Closed,Done,2014-05-21 09:51:15,2014-07-28 07:39:54
WFK2-623,12541335,WFK2,Bug,false,Closed,Done,2014-05-21 04:38:07,2014-05-21 09:58:01
WFK2-622,12541222,WFK2,Bug,false,Closed,Done,2014-05-20 05:51:41,2014-06-06 09:22:05
WFK2-621,12541197,WFK2,Bug,false,Closed,Rejected,2014-05-20 04:10:49,2015-01-19 07:56:10
WFK2-620,12541148,WFK2,Bug,false,Closed,Done,2014-05-19 11:57:27,2014-05-26 08:22:10
WFK2-619,12541146,WFK2,Bug,false,Closed,Done,2014-05-19 11:50:52,2014-08-08 10:13:47
WFK2-618,12541142,WFK2,Bug,false,Closed,Done,2014-05-19 11:31:53,2014-05-26 04:55:18
WFK2-617,12541138,WFK2,Bug,false,Closed,Done,2014-05-19 10:54:01,2014-05-26 07:45:11
WFK2-616,12541016,WFK2,Bug,false,Closed,Done,2014-05-16 11:39:39,2014-05-16 11:48:24
WFK2-615,12540990,WFK2,Bug,false,Closed,Won't Fix,2014-05-16 09:22:39,2015-02-16 09:19:34
WFK2-614,12540937,WFK2,Bug,false,Closed,Done,2014-05-15 12:34:41,2014-06-18 10:16:13
WFK2-613,12540935,WFK2,Bug,false,Closed,Done,2014-05-15 12:31:53,2014-05-26 08:45:53
WFK2-612,12540933,WFK2,Bug,false,Closed,Done,2014-05-15 12:22:27,2014-05-26 07:40:38
WFK2-611,12540932,WFK2,Bug,false,Closed,Done,2014-05-15 12:12:50,2014-05-26 07:25:18
WFK2-609,12540906,WFK2,Bug,false,Closed,Done,2014-05-15 09:48:54,2014-06-16 16:27:31
WFK2-608,12540887,WFK2,Bug,false,Closed,Done,2014-05-15 07:52:23,2014-05-26 04:22:07
WFK2-607,12540765,WFK2,Bug,false,Closed,Done,2014-05-14 09:32:26,2015-02-05 07:28:42
WFK2-606,12540764,WFK2,Bug,false,Closed,Done,2014-05-14 09:17:47,2014-05-27 03:46:26
WFK2-605,12540667,WFK2,Bug,false,Closed,Done,2014-05-13 09:45:25,2014-06-10 10:05:54
WFK2-603,12540652,WFK2,Task,false,Closed,Done,2014-05-13 09:06:58,2014-05-29 17:23:53
WFK2-602,12540560,WFK2,Bug,false,Closed,Done,2014-05-12 12:13:19,2014-09-02 04:13:45
WFK2-601,12539919,WFK2,Bug,false,Closed,Migrated to another ITS,2014-05-06 06:01:37,2015-02-19 08:09:48
WFK2-593,12539570,WFK2,Bug,false,Closed,Done,2014-04-30 15:15:07,2014-05-20 02:56:22
WFK2-592,12539405,WFK2,Bug,false,Closed,Done,2014-04-30 05:27:39,2014-07-28 08:02:49
WFK2-586,12538298,WFK2,Bug,false,Closed,Done,2014-04-15 08:08:29,2014-05-21 10:53:49
WFK2-577,12537917,WFK2,Bug,false,Closed,Done,2014-04-11 05:38:47,2014-05-12 03:54:40
WFK2-576,12485119,WFK2,Bug,false,Closed,Out of Date,2013-02-18 15:50:49,2014-04-15 06:47:10
WFK2-572,12537234,WFK2,Bug,false,Closed,Out of Date,2014-04-04 07:56:45,2015-01-05 09:13:31
WFK2-570,12536920,WFK2,Bug,false,Closed,Done,2014-04-02 08:33:24,2014-04-04 09:50:47
WFK2-564,12536276,WFK2,Bug,false,Closed,Done,2014-03-27 08:00:49,2014-04-09 06:54:12
WFK2-563,12536260,WFK2,Task,false,Closed,Done,2014-03-27 05:42:47,2014-03-27 12:08:01
WFK2-555,12535703,WFK2,Bug,false,Closed,Done,2014-03-21 08:54:58,2014-04-04 09:44:19
WFK2-554,12535693,WFK2,Bug,false,Closed,Done,2014-03-21 08:26:45,2014-06-17 18:03:05
WFK2-553,12535265,WFK2,Bug,false,Closed,Rejected,2014-03-18 08:47:27,2014-03-18 09:59:44
WFK2-552,12535122,WFK2,Bug,false,Closed,Done,2014-03-17 05:54:20,2014-05-16 04:28:04
WFK2-551,12535114,WFK2,Bug,false,Closed,Done,2014-03-17 05:22:27,2014-06-02 08:54:04
WFK2-550,12535113,WFK2,Bug,false,Closed,Done,2014-03-17 04:51:16,2014-05-16 04:19:04
WFK2-549,12535111,WFK2,Bug,false,Closed,Done,2014-03-17 04:12:49,2014-04-03 03:56:05
WFK2-548,12534922,WFK2,Task,false,Closed,Won't Fix,2014-03-13 12:23:16,2014-03-13 12:25:47
WFK2-547,12534921,WFK2,Bug,false,Closed,Done,2014-03-13 12:20:16,2014-04-04 09:52:36
WFK2-545,12534853,WFK2,Bug,false,Closed,Done,2014-03-13 05:06:34,2014-03-25 09:34:45
WFK2-544,12534810,WFK2,Bug,false,Closed,Done,2014-03-12 14:02:19,2014-06-02 10:07:52
WFK2-543,12534801,WFK2,Bug,false,Closed,Done,2014-03-12 12:02:27,2014-05-16 04:24:55
WFK2-542,12534798,WFK2,Bug,false,Closed,Done,2014-03-12 11:55:27,2014-04-04 09:21:17
WFK2-541,12534793,WFK2,Bug,false,Closed,Done,2014-03-12 11:35:08,2014-04-04 09:46:03
WFK2-540,12534605,WFK2,Bug,false,Closed,Done,2014-03-10 14:16:05,2014-07-10 10:03:38
WFK2-538,12534526,WFK2,Bug,false,Closed,Done,2014-03-10 07:05:28,2014-03-10 11:29:28
WFK2-537,12534514,WFK2,Bug,false,Closed,Done,2014-03-10 04:12:50,2014-03-10 13:06:20
WFK2-536,12534399,WFK2,Bug,false,Closed,Done,2014-03-07 08:03:35,2014-03-10 10:47:59
WFK2-535,12534395,WFK2,Bug,false,Closed,Done,2014-03-07 07:53:20,2014-03-10 09:32:26
WFK2-534,12534392,WFK2,Bug,false,Closed,Done,2014-03-07 07:43:54,2014-03-10 13:03:12
WFK2-533,12534381,WFK2,Bug,false,Closed,Done,2014-03-07 06:35:22,2014-03-10 10:26:13
WFK2-532,12534379,WFK2,Task,false,Closed,Done,2014-03-07 06:17:08,2014-03-26 11:22:35
WFK2-531,12534371,WFK2,Bug,false,Closed,Done,2014-03-07 04:26:42,2014-03-10 10:23:24
WFK2-530,12534363,WFK2,Bug,false,Closed,Done,2014-03-07 03:13:00,2014-03-10 10:18:34
WFK2-529,12534362,WFK2,Bug,false,Closed,Done,2014-03-07 03:00:59,2014-03-10 10:17:20
WFK2-528,12534289,WFK2,Bug,false,Closed,Done,2014-03-06 09:17:04,2014-04-03 03:55:19
WFK2-527,12534282,WFK2,Bug,false,Closed,Done,2014-03-06 08:37:36,2014-04-03 03:54:41
WFK2-526,12534280,WFK2,Bug,false,Closed,Done,2014-03-06 08:35:01,2014-04-03 03:53:36
WFK2-525,12534266,WFK2,Bug,false,Closed,Partially Completed,2014-03-06 06:37:20,2014-03-17 11:13:56
WFK2-524,12534253,WFK2,Bug,false,Closed,Done,2014-03-06 05:15:28,2014-04-03 03:47:35
WFK2-522,12534162,WFK2,Bug,false,Closed,Done,2014-03-05 09:02:21,2014-03-07 02:03:29
WFK2-521,12534159,WFK2,Bug,false,Closed,Done,2014-03-05 08:50:02,2014-03-10 11:42:42
WFK2-520,12534158,WFK2,Bug,false,Closed,Done,2014-03-05 08:49:28,2014-03-10 09:35:46
WFK2-519,12534109,WFK2,Bug,false,Closed,Done,2014-03-05 04:15:51,2014-07-10 02:52:06
WFK2-518,12533962,WFK2,Bug,false,Closed,Done,2014-03-04 10:03:32,2014-03-05 04:27:54
WFK2-517,12533957,WFK2,Bug,false,Closed,Done,2014-03-04 09:32:30,2014-03-04 09:44:41
WFK2-516,12533953,WFK2,Bug,false,Closed,Done,2014-03-04 08:55:41,2014-03-05 02:46:46
WFK2-515,12533950,WFK2,Bug,false,Closed,Done,2014-03-04 08:49:11,2014-03-05 02:41:01
WFK2-513,12533939,WFK2,Bug,false,Closed,Done,2014-03-04 07:43:39,2014-11-03 08:00:06
WFK2-512,12533926,WFK2,Bug,false,Closed,Done,2014-03-04 05:32:51,2014-08-08 10:31:50
WFK2-511,12533613,WFK2,Bug,false,Closed,Won't Fix,2014-02-28 09:19:51,2014-04-23 13:34:02
WFK2-510,12533610,WFK2,Bug,false,Closed,Done,2014-02-28 08:53:56,2014-04-04 08:42:29
WFK2-509,12533607,WFK2,Bug,false,Closed,Done,2014-02-28 08:48:00,2014-04-04 08:55:29
WFK2-508,12533575,WFK2,Bug,false,Closed,Done,2014-02-27 21:49:44,2014-02-28 08:27:06
WFK2-503,12533243,WFK2,Bug,false,Closed,Done,2014-02-25 09:14:27,2014-02-27 11:32:46
WFK2-501,12533232,WFK2,Bug,false,Closed,Done,2014-02-25 07:06:19,2014-03-07 07:37:03
WFK2-500,12533223,WFK2,Bug,false,Closed,Done,2014-02-25 05:17:55,2014-05-12 03:46:21
WFK2-495,12533093,WFK2,Bug,false,Closed,Done,2014-02-24 08:27:48,2014-02-26 10:50:44
WFK2-494,12533091,WFK2,Bug,false,Closed,Done,2014-02-24 08:21:26,2014-02-26 10:50:55
WFK2-493,12533089,WFK2,Bug,false,Closed,Won't Fix,2014-02-24 07:59:11,2015-02-16 09:19:51
WFK2-488,12532958,WFK2,Bug,false,Closed,Done,2014-02-21 09:25:56,2014-02-24 04:55:06
WFK2-486,12532941,WFK2,Bug,false,Closed,Done,2014-02-21 08:16:58,2014-02-26 14:22:53
WFK2-484,12532927,WFK2,Bug,false,Closed,Done,2014-02-21 07:14:22,2014-02-21 09:51:49
WFK2-483,12532901,WFK2,Bug,false,Closed,Won't Fix,2014-02-21 04:40:48,2014-06-27 02:17:34
WFK2-480,12532816,WFK2,Bug,false,Closed,Done,2014-02-20 08:52:18,2014-02-24 15:50:39
WFK2-479,12532792,WFK2,Bug,false,Closed,Done,2014-02-20 05:57:12,2014-02-24 04:31:52
WFK2-478,12532791,WFK2,Bug,false,Closed,Done,2014-02-20 05:55:02,2014-02-24 04:49:05
WFK2-477,12532786,WFK2,Bug,false,Closed,Won't Fix,2014-02-20 05:34:28,2014-03-17 10:44:19
WFK2-476,12532773,WFK2,Bug,false,Closed,Done,2014-02-20 04:43:37,2014-02-24 14:01:51
WFK2-475,12532772,WFK2,Bug,false,Closed,Done,2014-02-20 04:27:46,2014-02-24 13:43:11
WFK2-469,12532663,WFK2,Bug,false,Closed,Done,2014-02-19 08:29:03,2014-02-24 05:01:17
WFK2-468,12532659,WFK2,Bug,false,Closed,Done,2014-02-19 08:20:26,2014-02-24 05:10:03
WFK2-467,12532658,WFK2,Bug,false,Closed,Done,2014-02-19 08:18:52,2014-02-24 05:14:36
WFK2-466,12532655,WFK2,Bug,false,Closed,Done,2014-02-19 08:06:33,2014-02-24 05:17:24
WFK2-465,12532654,WFK2,Bug,false,Closed,Done,2014-02-19 08:03:15,2014-02-24 04:52:06
WFK2-463,12532622,WFK2,Bug,false,Closed,Won't Fix,2014-02-19 04:37:25,2014-02-24 20:27:43
WFK2-462,12532614,WFK2,Bug,false,Closed,Done,2014-02-19 03:43:15,2014-02-19 08:21:14
WFK2-461,12532570,WFK2,Bug,false,Closed,Done,2014-02-18 14:26:36,2014-02-26 12:36:14
WFK2-460,12532532,WFK2,Bug,false,Closed,Won't Fix,2014-02-18 09:51:13,2014-03-03 00:50:09
WFK2-459,12532482,WFK2,Bug,false,Closed,Done,2014-02-18 06:36:59,2014-05-12 03:47:28
WFK2-458,12532424,WFK2,Bug,false,Closed,Done,2014-02-17 12:43:40,2014-06-10 06:48:14
WFK2-457,12532421,WFK2,Bug,false,Closed,Done,2014-02-17 12:36:20,2014-02-24 05:19:08
WFK2-456,12532413,WFK2,Bug,false,Closed,Done,2014-02-17 11:26:40,2014-02-18 18:28:03
WFK2-451,12532310,WFK2,Bug,false,Closed,Done,2014-02-15 06:25:51,2014-02-18 04:51:40
WFK2-450,12532218,WFK2,Bug,false,Closed,Done,2014-02-14 08:54:20,2014-02-17 11:44:38
WFK2-449,12532206,WFK2,Bug,false,Closed,Done,2014-02-14 07:40:12,2014-02-24 05:35:25
WFK2-448,12532205,WFK2,Bug,false,Closed,Done,2014-02-14 07:35:41,2014-03-05 08:58:12
WFK2-447,12532171,WFK2,Bug,false,Closed,Done,2014-02-14 03:14:26,2014-02-17 12:39:23
WFK2-446,12532169,WFK2,Bug,false,Closed,Done,2014-02-14 03:00:47,2014-03-06 16:18:44
WFK2-445,12532107,WFK2,Bug,false,Closed,Done,2014-02-13 10:54:34,2014-02-17 10:08:53
WFK2-444,12532081,WFK2,Bug,false,Closed,Done,2014-02-13 10:09:50,2014-03-14 06:38:18
WFK2-443,12532071,WFK2,Bug,false,Closed,Rejected,2014-02-13 09:23:00,2014-02-18 18:02:34
WFK2-441,12532060,WFK2,Bug,false,Closed,Done,2014-02-13 08:04:23,2014-02-17 07:53:17
WFK2-439,12531920,WFK2,Bug,false,Closed,Won't Fix,2014-02-12 10:17:26,2015-01-07 22:09:27
WFK2-438,12531906,WFK2,Bug,false,Closed,Done,2014-02-12 09:27:47,2014-02-19 08:43:56
WFK2-437,12531879,WFK2,Bug,false,Closed,Done,2014-02-12 06:35:16,2014-02-20 10:26:28
WFK2-436,12531876,WFK2,Bug,false,Closed,Done,2014-02-12 06:04:56,2014-02-18 05:16:54
WFK2-435,12531860,WFK2,Bug,false,Closed,Done,2014-02-12 04:33:39,2014-11-04 06:27:57
WFK2-434,12531846,WFK2,Bug,false,Closed,Done,2014-02-12 03:21:41,2014-02-14 11:40:40
WFK2-433,12531826,WFK2,Bug,false,Closed,Done,2014-02-11 18:14:59,2014-03-10 13:06:44
WFK2-432,12531781,WFK2,Bug,false,Closed,Done,2014-02-11 12:03:28,2014-02-20 04:32:34
WFK2-431,12531777,WFK2,Bug,false,Closed,Done,2014-02-11 11:29:33,2014-03-05 15:49:03
WFK2-430,12531766,WFK2,Bug,false,Closed,Done,2014-02-11 10:18:20,2014-02-17 13:22:44
WFK2-429,12531720,WFK2,Bug,false,Closed,Done,2014-02-11 06:41:24,2014-03-25 10:51:00
WFK2-428,12531707,WFK2,Bug,false,Closed,Won't Fix,2014-02-11 04:01:19,2015-02-16 09:21:19
WFK2-425,12531580,WFK2,Bug,false,Closed,Done,2014-02-10 06:47:55,2014-02-24 06:08:50
WFK2-423,12531451,WFK2,Bug,false,Closed,Done,2014-02-06 20:35:20,2014-02-27 11:33:35
WFK2-421,12531375,WFK2,Bug,false,Closed,Done,2014-02-06 08:57:08,2014-02-06 12:15:17
WFK2-420,12531366,WFK2,Bug,false,Closed,Done,2014-02-06 08:17:59,2014-02-06 12:44:55
WFK2-419,12531358,WFK2,Bug,false,Closed,Won't Fix,2014-02-06 07:12:27,2015-02-16 09:21:40
WFK2-417,12531335,WFK2,Bug,false,Closed,Done,2014-02-06 05:57:50,2014-02-18 09:24:36
WFK2-416,12531328,WFK2,Bug,false,Closed,Done,2014-02-06 05:13:44,2014-02-06 17:15:29
WFK2-414,12531324,WFK2,Bug,false,Closed,Done,2014-02-06 04:51:03,2014-02-17 11:53:05
WFK2-413,12531321,WFK2,Bug,false,Closed,Done,2014-02-06 04:26:21,2014-02-24 06:18:10
WFK2-412,12531319,WFK2,Bug,false,Closed,Duplicate Issue,2014-02-06 03:48:04,2014-02-06 04:08:48
WFK2-411,12531318,WFK2,Bug,false,Closed,Done,2014-02-06 03:02:04,2014-02-24 06:26:20
WFK2-410,12531317,WFK2,Bug,false,Closed,Done,2014-02-06 02:57:10,2014-02-24 06:27:09
WFK2-408,12531262,WFK2,Bug,false,Closed,Done,2014-02-05 12:46:25,2014-02-10 10:53:33
WFK2-406,12531238,WFK2,Bug,false,Closed,Done,2014-02-05 09:58:01,2014-03-10 08:17:33
WFK2-405,12531196,WFK2,Bug,false,Closed,Won't Fix,2014-02-05 05:15:53,2015-02-16 09:21:57
WFK2-404,12531126,WFK2,Bug,false,Closed,Done,2014-02-04 10:19:38,2014-02-05 10:34:36
WFK2-403,12531124,WFK2,Bug,false,Closed,Done,2014-02-04 10:16:01,2014-02-20 10:27:56
WFK2-402,12531117,WFK2,Bug,false,Closed,Done,2014-02-04 09:13:45,2014-02-14 06:31:24
WFK2-401,12531112,WFK2,Bug,false,Closed,Done,2014-02-04 08:55:57,2014-02-24 07:59:53
WFK2-400,12531095,WFK2,Bug,false,Closed,Done,2014-02-04 06:11:38,2014-02-17 11:46:08
WFK2-398,12531007,WFK2,Bug,false,Closed,Done,2014-02-03 05:56:32,2014-02-14 05:28:16
WFK2-397,12530995,WFK2,Component Upgrade,false,Closed,Done,2014-02-03 03:41:04,2014-02-18 09:36:43
WFK2-396,12530994,WFK2,Component Upgrade,false,Closed,Rejected,2014-02-03 03:38:11,2014-02-20 09:16:52
WFK2-395,12530991,WFK2,Bug,false,Closed,Done,2014-02-03 02:33:34,2014-02-18 04:53:12
WFK2-390,12530501,WFK2,Bug,false,Closed,Done,2014-01-28 10:20:41,2014-03-05 04:38:42
WFK2-389,12530421,WFK2,Bug,false,Closed,Done,2014-01-27 11:12:32,2014-02-24 10:08:50
WFK2-384,12530085,WFK2,Bug,false,Closed,Done,2014-01-22 07:16:29,2014-01-27 07:43:39
WFK2-383,12530081,WFK2,Task,false,Closed,Done,2014-01-22 06:59:15,2014-02-09 21:00:42
WFK2-381,12529858,WFK2,Bug,false,Closed,Won't Fix,2014-01-20 07:59:18,2015-02-23 09:02:58
WFK2-379,12529500,WFK2,Bug,false,Closed,Done,2014-01-15 10:05:32,2014-01-28 08:32:05
WFK2-378,12529295,WFK2,Bug,false,Closed,Done,2014-01-13 22:06:40,2014-02-07 05:51:03
WFK2-377,12529294,WFK2,Bug,false,Closed,Done,2014-01-13 22:00:27,2014-02-06 05:20:43
WFK2-366,12527058,WFK2,Bug,false,Closed,Done,2013-12-05 07:13:55,2014-03-10 09:53:19
WFK2-363,12526613,WFK2,Bug,false,Closed,Done,2013-12-02 07:04:05,2013-12-10 01:01:46
WFK2-361,12526472,WFK2,Task,false,Closed,Out of Date,2013-11-28 10:04:31,2015-01-15 04:53:33
WFK2-360,12526396,WFK2,Bug,false,Closed,Done,2013-11-28 03:22:56,2014-02-26 16:29:42
WFK2-359,12525906,WFK2,Bug,false,Closed,Done,2013-11-22 07:06:16,2013-11-26 16:29:35
WFK2-358,12525896,WFK2,Bug,false,Closed,Done,2013-11-22 04:10:29,2013-11-22 08:41:32
WFK2-357,12525856,WFK2,Bug,false,Closed,Done,2013-11-21 11:26:33,2013-11-22 03:49:33
WFK2-356,12525852,WFK2,Bug,false,Closed,Done,2013-11-21 11:20:36,2013-11-22 09:18:12
WFK2-355,12525729,WFK2,Bug,false,Closed,Done,2013-11-20 10:51:51,2013-11-21 05:28:51
WFK2-351,12525420,WFK2,Bug,false,Closed,Done,2013-11-18 05:57:24,2014-02-17 13:31:37
WFK2-350,12525417,WFK2,Bug,false,Closed,Done,2013-11-18 05:50:28,2014-02-24 05:22:48
WFK2-338,12525332,WFK2,Bug,false,Closed,Done,2013-11-15 11:39:17,2013-11-18 10:48:40
WFK2-336,12525271,WFK2,Bug,false,Closed,Done,2013-11-15 06:44:53,2014-02-12 23:16:30
WFK2-335,12525266,WFK2,Bug,false,Closed,Done,2013-11-15 06:23:46,2013-11-19 02:17:10
WFK2-333,12525236,WFK2,Bug,false,Closed,Done,2013-11-15 04:36:57,2013-11-21 02:18:35
WFK2-332,12525109,WFK2,Bug,false,Closed,Done,2013-11-14 07:52:35,2013-11-25 09:50:30
WFK2-331,12524999,WFK2,Bug,false,Closed,Done,2013-11-13 09:36:43,2013-11-18 06:04:23
WFK2-330,12524980,WFK2,Bug,false,Closed,Done,2013-11-13 07:41:13,2013-11-15 06:23:58
WFK2-329,12524969,WFK2,Bug,false,Closed,Won't Fix,2013-11-13 05:31:25,2015-02-19 05:32:57
WFK2-328,12524892,WFK2,Bug,false,Closed,Done,2013-11-12 09:48:33,2014-02-10 11:17:16
WFK2-327,12524860,WFK2,Bug,false,Closed,Partially Completed,2013-11-12 05:01:35,2014-03-10 09:18:59
WFK2-326,12524820,WFK2,Task,false,Closed,Done,2013-11-11 12:56:00,2013-11-19 17:30:46
WFK2-322,12524796,WFK2,Bug,false,Closed,Done,2013-11-11 10:51:51,2014-01-27 06:04:56
WFK2-321,12524795,WFK2,Task,false,Closed,Done,2013-11-11 10:51:21,2014-01-21 09:58:07
WFK2-320,12524771,WFK2,Bug,false,Closed,Done,2013-11-11 08:09:17,2014-01-21 13:52:11
WFK2-319,12524759,WFK2,Bug,false,Closed,Done,2013-11-11 06:49:22,2013-12-05 09:39:27
WFK2-318,12524747,WFK2,Bug,false,Closed,Done,2013-11-11 05:02:44,2014-01-07 12:31:58
WFK2-317,12524623,WFK2,Bug,false,Closed,Done,2013-11-08 09:16:51,2014-02-06 07:03:10
WFK2-316,12524621,WFK2,Bug,false,Closed,Done,2013-11-08 08:47:18,2013-12-06 11:40:25
WFK2-313,12524588,WFK2,Bug,false,Closed,Won't Fix,2013-11-08 06:25:19,2014-07-28 08:29:47
WFK2-312,12524565,WFK2,Bug,false,Closed,Done,2013-11-08 04:33:25,2013-12-06 11:38:13
WFK2-311,12524490,WFK2,Bug,false,Closed,Done,2013-11-07 10:15:40,2013-11-12 11:42:11
WFK2-310,12524442,WFK2,Bug,false,Closed,Duplicate Issue,2013-11-07 06:25:40,2014-02-14 07:29:02
WFK2-309,12518208,WFK2,Bug,false,Closed,Cannot Reproduce,2013-11-07 03:41:57,2013-11-07 09:49:15
WFK2-308,12518207,WFK2,Bug,false,Closed,Done,2013-11-07 03:32:49,2013-11-12 08:08:12
WFK2-307,12518180,WFK2,Bug,false,Closed,Done,2013-11-06 14:56:08,2013-11-07 10:18:08
WFK2-306,12518160,WFK2,Bug,false,Closed,Duplicate Issue,2013-11-06 10:19:36,2013-11-07 04:26:07
WFK2-305,12518152,WFK2,Bug,false,Closed,Done,2013-11-06 09:29:41,2013-11-07 10:19:17
WFK2-304,12518108,WFK2,Bug,false,Closed,Done,2013-11-06 04:46:42,2013-11-13 02:28:10
WFK2-303,12518059,WFK2,Bug,false,Closed,Done,2013-11-05 12:41:46,2013-11-06 03:00:07
WFK2-302,12518041,WFK2,Bug,false,Closed,Done,2013-11-05 10:42:36,2013-11-06 04:05:12
WFK2-296,12510965,WFK2,Bug,false,Closed,Done,2013-11-01 11:34:43,2013-11-04 02:58:56
WFK2-295,12510467,WFK2,Bug,false,Closed,Done,2013-11-01 11:20:01,2013-11-05 01:38:42
WFK2-294,12509274,WFK2,Bug,false,Closed,Won't Fix,2013-11-01 07:20:00,2014-06-27 02:18:32
WFK2-293,12509221,WFK2,Bug,false,Closed,Done,2013-10-31 12:54:41,2013-11-04 06:56:40
WFK2-292,12509220,WFK2,Bug,false,Closed,Done,2013-10-31 12:36:14,2013-11-04 06:55:28
WFK2-289,12509199,WFK2,Bug,false,Closed,Done,2013-10-31 09:47:09,2013-11-01 10:27:27
WFK2-288,12509170,WFK2,Bug,false,Closed,Done,2013-10-31 06:55:17,2014-02-24 07:28:50
WFK2-287,12509166,WFK2,Bug,false,Closed,Duplicate Issue,2013-10-31 05:47:44,2013-10-31 06:05:16
WFK2-286,12509164,WFK2,Bug,false,Closed,Done,2013-10-31 05:39:42,2013-11-07 10:56:17
WFK2-283,12509087,WFK2,Bug,false,Closed,Done,2013-10-30 08:44:31,2013-11-21 05:26:03
WFK2-279,12509063,WFK2,Bug,false,Closed,Done,2013-10-30 06:08:54,2013-11-07 09:37:58
WFK2-278,12508983,WFK2,Bug,false,Closed,Done,2013-10-29 10:58:42,2013-11-05 01:40:35
WFK2-277,12508982,WFK2,Bug,false,Closed,Done,2013-10-29 10:52:39,2013-11-05 01:39:51
WFK2-276,12508966,WFK2,Bug,false,Closed,Done,2013-10-29 10:08:54,2013-11-04 12:22:18
WFK2-275,12508951,WFK2,Bug,false,Closed,Done,2013-10-29 08:35:38,2013-11-04 12:21:08
WFK2-274,12508948,WFK2,Bug,false,Closed,Done,2013-10-29 08:24:43,2013-11-04 12:20:32
WFK2-273,12508940,WFK2,Bug,false,Closed,Done,2013-10-29 06:49:06,2013-11-04 03:59:31
WFK2-272,12508936,WFK2,Bug,false,Closed,Done,2013-10-29 06:07:18,2013-11-04 08:17:44
WFK2-271,12508930,WFK2,Bug,false,Closed,Deferred,2013-10-29 05:27:24,2014-01-13 03:53:55
WFK2-270,12508768,WFK2,Bug,false,Closed,Done,2013-10-25 04:30:05,2013-11-07 12:36:44
WFK2-269,12508767,WFK2,Bug,false,Closed,Done,2013-10-25 04:25:13,2013-11-11 05:06:54
WFK2-268,12508762,WFK2,Bug,false,Closed,Done,2013-10-25 03:49:45,2013-11-11 06:34:35
WFK2-267,12508760,WFK2,Bug,false,Closed,Done,2013-10-25 03:37:31,2013-11-08 04:15:17
WFK2-266,12508724,WFK2,Bug,false,Closed,Done,2013-10-24 12:03:15,2013-11-01 10:55:12
WFK2-265,12508698,WFK2,Bug,false,Closed,Done,2013-10-24 09:33:44,2014-06-13 09:58:31
WFK2-264,12508695,WFK2,Bug,false,Closed,Done,2013-10-24 09:26:36,2013-11-11 13:26:34
WFK2-263,12508693,WFK2,Bug,false,Closed,Done,2013-10-24 09:19:14,2013-11-04 11:13:09
WFK2-262,12508674,WFK2,Bug,false,Closed,Done,2013-10-24 06:19:39,2013-10-24 09:10:58
WFK2-260,12508603,WFK2,Bug,false,Closed,Done,2013-10-23 12:03:31,2014-05-27 14:31:27
WFK2-259,12508601,WFK2,Bug,false,Closed,Done,2013-10-23 11:55:58,2013-11-05 13:57:08
WFK2-258,12508597,WFK2,Bug,false,Closed,Done,2013-10-23 11:29:25,2014-03-03 11:49:44
WFK2-256,12508587,WFK2,Bug,false,Closed,Done,2013-10-23 10:49:57,2013-11-04 12:29:42
WFK2-255,12508570,WFK2,Bug,false,Closed,Done,2013-10-23 08:51:58,2013-11-20 05:06:58
WFK2-254,12508567,WFK2,Bug,false,Closed,Done,2013-10-23 08:40:37,2013-11-04 14:49:11
WFK2-253,12508560,WFK2,Bug,false,Closed,Done,2013-10-23 08:06:31,2014-04-09 06:48:25
WFK2-252,12508559,WFK2,Bug,false,Closed,Done,2013-10-23 07:46:54,2014-02-25 08:35:03
WFK2-251,12508483,WFK2,Bug,false,Closed,Done,2013-10-22 10:50:47,2013-10-23 10:36:29
WFK2-249,12508382,WFK2,Bug,false,Closed,Done,2013-10-21 12:25:07,2013-10-24 08:50:12
WFK2-248,12508357,WFK2,Bug,false,Closed,Done,2013-10-21 09:50:07,2013-10-22 07:08:57
WFK2-247,12508335,WFK2,Bug,false,Closed,Done,2013-10-21 08:13:35,2013-10-21 17:23:08
WFK2-246,12508333,WFK2,Bug,false,Closed,Done,2013-10-21 07:53:20,2013-10-24 07:02:59
WFK2-245,12508280,WFK2,Bug,false,Closed,Done,2013-10-21 05:08:33,2013-10-21 07:51:37
WFK2-244,12508278,WFK2,Bug,false,Closed,Duplicate Issue,2013-10-21 04:52:06,2013-10-21 07:21:48
WFK2-243,12508277,WFK2,Bug,false,Closed,Done,2013-10-21 04:49:56,2013-10-22 09:10:36
WFK2-242,12508275,WFK2,Bug,false,Closed,Out of Date,2013-10-21 04:46:19,2014-02-24 03:35:52
WFK2-241,12508211,WFK2,Bug,false,Closed,Done,2013-10-18 12:33:03,2013-10-21 11:50:20
WFK2-240,12508189,WFK2,Bug,false,Closed,Done,2013-10-18 09:34:27,2013-10-22 19:04:15
WFK2-239,12508183,WFK2,Bug,false,Closed,Done,2013-10-18 08:44:55,2013-10-23 12:17:57
WFK2-238,12508177,WFK2,Bug,false,Closed,Done,2013-10-18 08:19:45,2013-10-21 08:35:29
WFK2-237,12508100,WFK2,Bug,false,Closed,Done,2013-10-17 11:37:29,2013-10-22 05:04:38
WFK2-236,12508058,WFK2,Bug,false,Closed,Done,2013-10-17 08:31:43,2014-02-26 04:33:07
WFK2-235,12504621,WFK2,Bug,false,Closed,Won't Fix,2013-10-17 05:10:35,2014-03-09 19:47:31
WFK2-234,12504399,WFK2,Bug,false,Closed,Won't Fix,2013-10-17 04:42:51,2014-03-09 19:48:30
WFK2-233,12503727,WFK2,Bug,false,Closed,Duplicate Issue,2013-10-16 13:44:00,2013-10-21 10:38:34
WFK2-232,12503247,WFK2,Bug,false,Closed,Won't Fix,2013-10-16 09:12:29,2015-03-03 06:59:08
WFK2-231,12503241,WFK2,Bug,false,Closed,Won't Fix,2013-10-16 08:37:00,2015-01-08 01:20:02
WFK2-230,12503098,WFK2,Bug,false,Closed,Done,2013-10-15 11:05:29,2014-11-04 06:36:25
WFK2-229,12503096,WFK2,Bug,false,Closed,Won't Fix,2013-10-15 10:59:57,2015-02-16 09:22:14
WFK2-228,12503091,WFK2,Bug,false,Closed,Done,2013-10-15 10:17:13,2013-11-04 21:18:14
WFK2-227,12503090,WFK2,Bug,false,Closed,Won't Fix,2013-10-15 10:16:51,2015-02-16 09:25:27
WFK2-226,12503088,WFK2,Bug,false,Closed,Done,2013-10-15 09:59:15,2013-10-17 11:26:46
WFK2-225,12503077,WFK2,Bug,false,Closed,Won't Fix,2013-10-15 08:38:33,2014-08-08 10:21:38
WFK2-224,12503073,WFK2,Bug,false,Closed,Done,2013-10-15 08:01:24,2014-11-05 09:35:22
WFK2-222,12503052,WFK2,Bug,false,Closed,Done,2013-10-15 04:29:50,2013-11-11 10:49:36
WFK2-221,12503039,WFK2,Bug,false,Closed,Won't Fix,2013-10-15 02:52:22,2014-03-20 03:49:32
WFK2-220,12502997,WFK2,Bug,false,Closed,Done,2013-10-14 14:33:16,2013-11-08 06:02:07
WFK2-219,12502970,WFK2,Bug,false,Closed,Won't Fix,2013-10-14 11:53:11,2015-02-23 03:19:45
WFK2-218,12502943,WFK2,Bug,false,Closed,Done,2013-10-14 07:47:53,2013-10-15 06:16:30
WFK2-217,12502941,WFK2,Bug,false,Closed,Done,2013-10-14 07:09:24,2013-10-15 06:10:53
WFK2-216,12502939,WFK2,Bug,false,Closed,Done,2013-10-14 06:57:18,2013-10-15 06:59:06
WFK2-215,12502933,WFK2,Bug,false,Closed,Cannot Reproduce,2013-10-14 06:05:30,2013-10-21 04:29:09
WFK2-213,12502825,WFK2,Bug,false,Closed,Done,2013-10-11 09:40:00,2013-10-14 03:36:23
WFK2-212,12502760,WFK2,Bug,false,Closed,Done,2013-10-11 05:10:24,2013-10-22 09:18:20
WFK2-211,12502750,WFK2,Task,false,Closed,Done,2013-10-11 03:09:02,2013-10-14 04:55:51
WFK2-210,12502749,WFK2,Task,false,Closed,Done,2013-10-11 02:52:44,2013-10-11 04:59:18
WFK2-209,12502738,WFK2,Bug,false,Closed,Done,2013-10-10 17:35:01,2014-11-19 10:39:41
WFK2-208,12502736,WFK2,Bug,false,Closed,Rejected,2013-10-10 16:55:02,2013-10-14 10:08:05
WFK2-207,12502723,WFK2,Bug,false,Closed,Cannot Reproduce,2013-10-10 13:47:05,2014-07-10 11:28:15
WFK2-206,12502685,WFK2,Bug,false,Closed,Done,2013-10-10 07:31:17,2013-10-23 05:48:53
WFK2-205,12502681,WFK2,Bug,false,Closed,Done,2013-10-10 07:12:54,2013-10-25 12:30:49
WFK2-203,12502557,WFK2,Bug,false,Closed,Done,2013-10-09 08:58:32,2013-10-21 11:39:39
WFK2-202,12502556,WFK2,Bug,false,Closed,Won't Fix,2013-10-09 08:35:35,2014-07-02 09:18:17
WFK2-200,12502527,WFK2,Bug,false,Closed,Done,2013-10-09 04:01:35,2014-02-24 05:32:38
WFK2-199,12502520,WFK2,Bug,false,Closed,Duplicate Issue,2013-10-09 03:10:38,2013-10-11 03:04:13
WFK2-198,12502508,WFK2,Bug,false,Closed,Done,2013-10-09 02:15:56,2013-10-11 10:27:52
WFK2-196,12502477,WFK2,Bug,false,Closed,Done,2013-10-08 11:58:44,2013-11-04 11:57:14
WFK2-194,12502471,WFK2,Bug,false,Closed,Done,2013-10-08 11:05:01,2013-10-31 09:26:08
WFK2-193,12502461,WFK2,Bug,false,Closed,Done,2013-10-08 10:10:54,2013-10-31 08:49:30
WFK2-192,12502459,WFK2,Bug,false,Closed,Done,2013-10-08 09:35:18,2013-11-11 07:29:25
WFK2-191,12502455,WFK2,Bug,false,Closed,Done,2013-10-08 09:17:10,2013-10-22 07:00:01
WFK2-190,12502411,WFK2,Bug,false,Closed,Out of Date,2013-10-08 02:59:07,2014-03-19 10:06:22
WFK2-188,12502365,WFK2,Bug,false,Closed,Done,2013-10-07 11:53:57,2013-10-09 10:06:14
WFK2-187,12502172,WFK2,Bug,false,Closed,Done,2013-10-04 04:29:11,2013-10-21 15:55:24
WFK2-186,12502130,WFK2,Bug,false,Closed,Done,2013-10-03 10:53:56,2013-10-09 04:49:18
WFK2-185,12502108,WFK2,Bug,false,Closed,Done,2013-10-03 08:32:47,2013-11-14 04:48:31
WFK2-184,12502094,WFK2,Bug,false,Closed,Cannot Reproduce,2013-10-03 06:51:09,2013-10-03 09:23:51
WFK2-183,12502093,WFK2,Bug,false,Closed,Done,2013-10-03 06:48:22,2013-11-01 08:34:49
WFK2-182,12502088,WFK2,Bug,false,Closed,Done,2013-10-03 06:26:21,2013-10-14 08:13:57
WFK2-181,12502014,WFK2,Bug,false,Closed,Done,2013-10-02 10:33:54,2013-10-24 06:00:04
WFK2-180,12501912,WFK2,Bug,false,Closed,Done,2013-10-01 06:58:15,2013-11-18 13:24:22
WFK2-179,12501730,WFK2,Bug,false,Closed,Done,2013-09-27 07:51:34,2013-09-30 05:34:47
WFK2-178,12501728,WFK2,Bug,false,Closed,Done,2013-09-27 07:46:54,2013-09-30 05:33:16
WFK2-177,12501727,WFK2,Bug,false,Closed,Done,2013-09-27 07:41:41,2013-09-30 05:27:26
WFK2-176,12501607,WFK2,Bug,false,Closed,Won't Fix,2013-09-26 07:19:49,2014-03-09 19:17:42
WFK2-175,12501606,WFK2,Bug,false,Closed,Done,2013-09-26 07:13:38,2013-09-26 08:13:43
WFK2-174,12501467,WFK2,Bug,false,Closed,Done,2013-09-25 06:55:32,2013-09-30 06:12:07
WFK2-173,12501413,WFK2,Bug,false,Closed,Done,2013-09-24 12:04:37,2013-10-07 15:15:14
WFK2-171,12501183,WFK2,Bug,false,Closed,Done,2013-09-23 05:44:10,2013-11-12 02:15:23
WFK2-169,12501112,WFK2,Bug,false,Closed,Done,2013-09-20 07:28:30,2013-10-17 03:34:52
WFK2-168,12500898,WFK2,Requirement,false,Closed,Done,2013-09-18 07:45:50,2014-02-10 05:38:36
WFK2-166,12500771,WFK2,Bug,false,Closed,Done,2013-09-16 09:53:46,2013-09-23 08:16:09
WFK2-164,12500576,WFK2,Task,false,Closed,Won't Fix,2013-09-12 04:53:50,2015-01-15 09:43:59
WFK2-163,12500416,WFK2,Bug,false,Closed,Done,2013-09-10 09:33:35,2013-09-10 12:43:01
WFK2-162,12500304,WFK2,Requirement,false,Closed,Done,2013-09-09 10:12:44,2013-09-20 12:52:35
WFK2-155,12498658,WFK2,Bug,false,Closed,Done,2013-08-15 06:27:09,2013-09-25 04:40:15
WFK2-154,12498588,WFK2,Bug,false,Closed,Done,2013-08-14 11:52:45,2014-07-28 07:06:01
WFK2-153,12498566,WFK2,Task,false,Closed,Migrated to another ITS,2013-08-14 09:18:09,2015-01-15 07:12:02
WFK2-152,12498490,WFK2,Requirement,false,Closed,Done,2013-08-13 09:49:35,2014-11-04 07:00:10
WFK2-148,12498415,WFK2,Bug,false,Closed,Done,2013-08-12 09:35:22,2013-10-02 12:26:40
WFK2-146,12498333,WFK2,Bug,false,Closed,Done,2013-08-09 10:06:25,2013-11-04 04:33:29
WFK2-145,12498328,WFK2,Bug,false,Closed,Partially Completed,2013-08-09 09:58:19,2014-06-05 09:27:44
WFK2-144,12498326,WFK2,Bug,false,Closed,Done,2013-08-09 09:52:50,2013-11-11 10:20:03
WFK2-143,12498325,WFK2,Bug,false,Closed,Duplicate Issue,2013-08-09 09:21:44,2013-08-09 09:29:16
WFK2-142,12498324,WFK2,Bug,false,Closed,Duplicate Issue,2013-08-09 09:16:44,2013-08-13 08:44:44
WFK2-141,12498322,WFK2,Bug,false,Closed,Duplicate Issue,2013-08-09 09:07:58,2013-08-26 07:54:33
WFK2-140,12497980,WFK2,Bug,false,Closed,Done,2013-08-05 12:00:15,2013-11-24 06:58:13
WFK2-139,12497979,WFK2,Bug,false,Closed,Won't Fix,2013-08-05 11:58:01,2014-09-15 04:11:35
WFK2-135,12497839,WFK2,Bug,false,Closed,Won't Fix,2013-08-02 08:09:30,2015-01-07 22:10:53
WFK2-134,12497838,WFK2,Bug,false,Closed,Out of Date,2013-08-02 08:05:35,2014-07-11 11:14:26
WFK2-129,12497733,WFK2,Bug,false,Closed,Done,2013-08-01 03:20:01,2014-04-04 08:23:04
WFK2-125,12497628,WFK2,Requirement,false,Closed,Done,2013-07-30 13:27:47,2013-10-14 14:35:10
WFK2-115,12497521,WFK2,Requirement,false,Closed,Rejected,2013-07-29 11:56:33,2015-02-20 07:02:53
WFK2-109,12497221,WFK2,Bug,false,Closed,Done,2013-07-24 04:09:14,2013-08-21 06:24:56
WFK2-108,12497128,WFK2,Requirement,false,Verified,Done,2013-07-23 08:30:30,2015-03-11 09:37:57
WFK2-107,12497126,WFK2,Bug,false,Closed,Done,2013-07-23 08:19:40,2013-08-09 05:58:25
WFK2-105,12497082,WFK2,Requirement,false,New,,2013-07-22 15:39:33,
WFK2-101,12497030,WFK2,Bug,false,Closed,Won't Fix,2013-07-22 08:55:26,2014-06-27 02:15:49
WFK2-100,12497027,WFK2,Bug,false,Closed,Won't Fix,2013-07-22 08:53:59,2014-06-27 02:15:00
WFK2-99,12497026,WFK2,Bug,false,Closed,Won't Fix,2013-07-22 08:52:05,2015-02-16 09:24:40
WFK2-98,12497023,WFK2,Bug,false,Closed,Done,2013-07-22 08:51:06,2013-08-08 09:58:19
WFK2-97,12497022,WFK2,Bug,false,Closed,Done,2013-07-22 08:49:27,2013-11-04 11:38:16
WFK2-96,12497020,WFK2,Bug,false,Closed,Won't Fix,2013-07-22 08:48:10,2015-02-16 09:22:44
WFK2-95,12497019,WFK2,Bug,false,Closed,Won't Fix,2013-07-22 08:46:17,2015-02-16 09:23:00
WFK2-94,12497018,WFK2,Bug,false,Closed,Out of Date,2013-07-22 08:45:08,2014-02-18 09:22:19
WFK2-93,12497015,WFK2,Bug,false,Closed,Won't Fix,2013-07-22 08:43:14,2014-06-27 02:12:50
WFK2-91,12497012,WFK2,Bug,false,Closed,Out of Date,2013-07-22 08:39:46,2013-10-24 08:04:44
WFK2-90,12497011,WFK2,Bug,false,Closed,Won't Fix,2013-07-22 08:37:24,2015-02-16 09:23:21
WFK2-89,12497010,WFK2,Bug,false,Closed,Won't Fix,2013-07-22 08:35:57,2014-02-18 09:26:34
WFK2-88,12497009,WFK2,Bug,false,Closed,Done,2013-07-22 08:34:05,2013-11-21 07:13:34
WFK2-87,12497007,WFK2,Bug,false,Closed,Rejected,2013-07-22 08:32:09,2013-09-25 03:32:19
WFK2-86,12497006,WFK2,Bug,false,Closed,Won't Fix,2013-07-22 08:30:22,2015-02-16 09:23:46
WFK2-85,12497004,WFK2,Bug,false,Closed,Won't Fix,2013-07-22 08:29:04,2015-02-16 09:24:12
WFK2-84,12497003,WFK2,Bug,false,Closed,Done,2013-07-22 08:27:21,2013-10-11 10:21:44
WFK2-82,12496968,WFK2,Bug,false,Closed,Done,2013-07-21 21:13:45,2013-10-21 04:19:11
WFK2-72,12496842,WFK2,Requirement,false,Closed,Rejected,2013-07-18 15:41:22,2015-02-20 07:03:39
WFK2-66,12496806,WFK2,Bug,false,Closed,Won't Fix,2013-07-18 10:59:56,2013-07-23 04:30:52
WFK2-65,12496804,WFK2,Bug,false,Closed,Won't Fix,2013-07-18 10:54:33,2015-02-23 06:48:29
WFK2-64,12496802,WFK2,Bug,false,Closed,Won't Fix,2013-07-18 10:37:16,2015-02-23 06:42:04
WFK2-63,12496801,WFK2,Bug,false,Closed,Won't Fix,2013-07-18 10:35:40,2015-02-20 13:14:31
WFK2-62,12496799,WFK2,Bug,false,Closed,Out of Date,2013-07-18 10:33:15,2013-11-12 12:38:10
WFK2-61,12496767,WFK2,Bug,false,Closed,Won't Fix,2013-07-18 06:25:03,2015-02-20 13:10:19
WFK2-60,12496738,WFK2,Bug,false,Closed,Done,2013-07-17 17:45:12,2013-10-10 06:34:16
WFK2-59,12496737,WFK2,Bug,false,Closed,Done,2013-07-17 17:40:45,2013-10-10 07:02:06
WFK2-58,12496736,WFK2,Bug,false,Closed,Done,2013-07-17 17:35:17,2013-10-10 07:11:06
WFK2-57,12496735,WFK2,Bug,false,Closed,Done,2013-07-17 17:33:41,2013-10-10 07:19:00
WFK2-56,12496733,WFK2,Bug,false,Closed,Done,2013-07-17 17:20:25,2013-10-10 07:21:49
WFK2-55,12496732,WFK2,Bug,false,Closed,Out of Date,2013-07-17 17:16:37,2013-10-10 07:23:31
WFK2-54,12496730,WFK2,Bug,false,Closed,Done,2013-07-17 16:54:51,2013-10-10 07:26:36
WFK2-53,12496728,WFK2,Bug,false,Closed,Out of Date,2013-07-17 16:45:13,2013-10-10 07:04:07
WFK2-52,12496725,WFK2,Bug,false,Closed,Done,2013-07-17 16:25:54,2013-10-17 11:25:14
WFK2-48,12496702,WFK2,Requirement,false,New,,2013-07-17 11:25:25,
WFK2-46,12496700,WFK2,Requirement,false,New,,2013-07-17 11:21:21,
WFK2-45,12496697,WFK2,Requirement,false,New,,2013-07-17 11:13:46,
WFK2-40,12496595,WFK2,Bug,false,Closed,Done,2013-07-16 15:24:55,2013-11-14 10:07:46
WFK2-39,12496594,WFK2,Bug,false,Closed,Won't Fix,2013-07-16 15:20:53,2013-11-14 09:17:50
WFK2-38,12496593,WFK2,Bug,false,Closed,Won't Fix,2013-07-16 15:16:41,2013-11-14 09:18:43
WFK2-37,12496591,WFK2,Bug,false,Closed,Won't Fix,2013-07-16 15:12:23,2015-02-19 04:35:19
WFK2-36,12496590,WFK2,Bug,false,Closed,Won't Fix,2013-07-16 14:30:54,2014-03-09 19:24:46
WFK2-34,12496587,WFK2,Bug,false,Closed,Done,2013-07-16 14:21:15,2015-01-07 22:13:40
WFK2-33,12496580,WFK2,Bug,false,Closed,Done,2013-07-16 12:27:11,2013-08-01 08:32:17
WFK2-32,12496575,WFK2,Bug,false,Closed,Done,2013-07-16 11:58:58,2013-11-05 14:46:55
WFK2-31,12496574,WFK2,Bug,false,Closed,Out of Date,2013-07-16 11:57:30,2013-08-01 08:41:08
WFK2-30,12496572,WFK2,Bug,false,Closed,Done,2013-07-16 11:54:13,2015-01-07 22:12:53
WFK2-29,12496571,WFK2,Bug,false,Closed,Done,2013-07-16 11:50:25,2013-11-11 10:29:39
WFK2-28,12496570,WFK2,Bug,false,Closed,Done,2013-07-16 11:46:33,2013-07-31 09:34:33
WFK2-27,12496569,WFK2,Bug,false,Closed,Done,2013-07-16 11:45:09,2013-10-14 08:18:02
WFK2-26,12496568,WFK2,Bug,false,Closed,Done,2013-07-16 11:40:59,2013-09-25 03:34:36
WFK2-25,12496567,WFK2,Requirement,false,Closed,Won't Fix,2013-07-16 11:39:31,2017-08-23 12:06:54
WFK2-17,12495936,WFK2,Requirement,false,Closed,Rejected,2013-07-08 12:14:57,2013-07-17 11:49:34
WFK2-16,12495935,WFK2,Requirement,false,Closed,Done,2013-07-08 12:10:59,2013-10-07 14:47:21
WFK2-15,12495933,WFK2,Requirement,false,Closed,Done,2013-07-08 11:27:14,2013-11-11 10:30:22
