2024-08-21 16:03:00,2024-09-02 08:44:00,2024-09-02 08:44:00,2024-09-02 08:44:00,2024-09-02 08:44:00,2024-09-02 08:44:00,2024-09-02 08:44:00,2024-09-02 08:44:00,2024-09-02 08:44:00,2024-09-02 08:44:00,2024-09-02 08:45:00,2024-09-02 08:45:00,2024-09-02 08:45:00,2024-09-02 08:45:00,2024-09-02 08:45:00,2024-09-02 08:45:00,2024-09-02 08:45:00,2024-09-02 08:45:00,2024-09-02 08:45:00,2024-09-02 08:45:00,2024-09-02 08:45:00,2024-09-02 08:45:00,2024-09-02 08:45:00,2024-09-02 08:45:00,2024-09-02 08:45:00,2024-09-02 08:45:00,2024-09-02 08:45:00,2024-09-02 08:45:00,2024-09-02 08:45:00,2024-09-02 08:45:00,2024-09-02 08:45:00,2024-09-02 08:45:00,2024-09-02 08:45:00,2024-09-02 08:45:00,2024-09-02 08:45:00,2024-09-02 08:45:00,2024-09-02 08:45:00,2024-09-02 08:45:00,2024-09-02 08:46:00,2024-09-02 08:46:00,2024-09-02 08:46:00,2024-09-02 08:46:00,2024-09-02 08:46:00,2024-09-02 08:46:00,2024-09-02 08:46:00,2024-09-02 08:46:00,2024-09-02 08:46:00,2024-09-02 08:46:00,2024-09-02 08:46:00,2024-09-02 08:46:00,2024-09-02 08:46:00,2024-09-02 08:46:00,2024-09-02 08:46:00,2024-09-02 08:46:00,2024-09-02 08:46:00,2024-09-02 08:46:00,2024-09-02 08:46:00,2024-09-02 08:46:00,2024-09-02 08:46:00,2024-09-02 08:46:00,2024-09-02 08:46:00,2024-09-02 08:46:00,2024-09-02 08:46:00,2024-09-02 08:46:00,2024-09-02 08:46:00,2024-09-02 08:47:00,2024-09-02 08:47:00,2024-09-05 07:53:00,2024-09-05 08:07:00,2024-09-09 04:04:00,2024-09-10 11:46:00,2024-09-11 08:45:00,2024-09-11 13:53:00,2024-09-12 09:33:00,2024-09-12 12:35:00,2024-09-17 08:30:00,2024-09-17 09:18:00,2024-09-24 12:07:00,2024-09-30 10:43:00,2024-10-02 09:53:00,2024-10-02 12:14:00,2024-10-02 12:39:00,2024-10-02 13:02:00,2024-10-02 13:08:00,2024-10-02 13:20:00,2024-10-02 13:51:00,2024-10-02 14:08:00,2024-10-02 14:17:00,2024-10-02 14:21:00,2024-10-02 14:34:00,2024-10-03 08:56:00,2024-10-03 09:16:00,2024-10-04 14:06:00,2024-10-08 13:33:00,2024-10-10 08:20:00,2024-10-10 08:53:00,2024-10-10 10:57:00,2024-10-15 12:28:00,2024-10-16 16:12:00,2024-10-16 17:51:00,2024-10-17 12:01:00,2024-10-18 08:24:00,2024-10-21 12:57:00,2024-10-21 19:24:00,2024-10-21 20:05:00,2024-10-21 21:08:00,2024-10-23 13:59:00,2024-10-23 14:13:00,2024-10-23 15:21:00,2024-10-23 15:23:00,2024-10-23 15:31:00,2024-10-24 11:16:00,2024-10-30 19:02:00,2024-10-30 19:22:00,2024-11-01 09:27:00,2024-11-04 12:30:00,2024-11-09 17:05:00,2024-11-14 06:08:00,2024-11-15 08:24:00,2024-11-20 06:38:00,2024-11-20 20:49:00,2024-11-20 20:49:00,2024-11-20 20:49:00,2024-11-20 20:49:00,2024-11-20 20:49:00,2024-11-20 20:49:00,2024-11-20 20:50:00,2024-11-20 20:50:00,2024-11-20 20:50:00,2024-11-20 20:50:00,2024-11-20 20:50:00,2024-11-20 20:50:00,2024-11-20 20:50:00,2024-11-20 20:50:00,2024-11-20 20:50:00,2024-11-20 20:50:00,2024-11-20 20:50:00,2024-11-20 20:50:00,2024-11-20 20:50:00,2024-11-20 20:50:00,2024-11-20 20:50:00,2024-11-20 20:50:00,2024-11-20 20:50:00,2024-11-20 20:50:00,2024-11-21 14:10:00,2024-11-21 14:10:00,2024-11-21 14:10:00,2024-11-21 14:10:00,2024-11-21 14:10:00,2024-11-21 14:10:00,2024-11-21 14:10:00,2024-11-21 14:10:00,2024-11-21 14:10:00,2024-11-21 14:10:00,2024-11-21 14:10:00,2024-11-21 14:10:00,2024-11-21 14:10:00,2024-11-21 14:10:00,2024-11-21 14:10:00,2024-11-21 14:10:00,2024-11-21 14:10:00,2024-11-21 14:10:00,2024-11-21 14:11:00,2024-11-21 14:11:00,2024-11-21 14:11:00,2024-11-21 14:11:00,2024-11-21 14:11:00,2024-11-21 14:11:00,2024-11-21 14:11:00,2024-11-21 14:11:00,2024-11-21 14:11:00,2024-11-21 14:11:00,2024-11-21 14:11:00,2024-11-21 14:11:00,2024-11-21 14:11:00,2024-11-21 14:11:00,2024-11-21 14:11:00,2024-11-21 14:11:00,2024-11-21 14:11:00,2024-11-21 14:12:00,2024-11-21 14:12:00,2024-11-21 14:12:00,2024-11-21 14:12:00,2024-11-21 14:12:00,2024-11-21 14:12:00,2024-11-21 14:12:00,2024-11-21 14:12:00,2024-11-21 14:12:00,2024-11-21 14:12:00,2024-11-21 14:12:00,2024-11-21 14:12:00,2024-11-21 14:12:00,2024-11-21 14:12:00,2024-11-21 14:12:00,2024-11-21 14:13:00,2024-11-21 14:13:00,2024-11-22 07:41:00,2024-11-25 10:39:00,2024-11-25 10:59:00,2024-11-25 11:33:00,2024-11-25 12:42:00,2024-11-27 14:45:00
1265,1266,1267,1268,1269,1270,1271,1272,1273,1274,1275,1276,1277,1278,1279,1280,1281,1282,1283,1284,1285,1286,1287,1288,1289,1290,1291,1292,1293,1294,1295,1296,1297,1298,1299,1300,1301,1302,1303,1304,1305,1306,1307,1308,1309,1310,1311,1312,1313,1314,1315,1316,1317,1318,1319,1320,1321,1322,1323,1324,1325,1326,1327,1328,1329,1330,1331,1332,1333,1334,1335,1336,1337,1338,1339,1340,1341,1342,1343,1344,1345,1346,1347,1348,1349,1350,1351,1352,1353,1354,1355,1356,1357,1358,1359,1360,1361,1362,1363,1364,1365,1366,1367,1368,1369,1370,1371,1372,1373,1374,1375,1376,1377,1378,1379,1380,1381,1382,1383,1384,1385,1386,1387,1388,1389,1390,1391,1392,1393,1394,1395,1396,1397,1398,1399,1400,1401,1402,1403,1404,1405,1406,1407,1408,1409,1410,1411,1412,1413,1414,1415,1416,1417,1418,1419,1420,1421,1422,1423,1424,1425,1426,1427,1428,1429,1430,1431,1432,1433,1434,1435,1436,1437,1438,1439,1440,1441,1442,1443,1444,1445,1446,1447,1448,1449,1450,1451,1452,1453,1454,1455,1456,1457,1458,1459,1460,1461,1462,1463,1464,1465,1466
